0.011000 0.012000 0.013000 0.014000 0.015000 0.016000 0.017000 0.018000 0.019000 0.020000 0.021000 0.022000 0.023000 0.024000 0.025000 0.026000 
0.021000 0.021999 0.022998 0.023997 0.024996 0.025996 0.026995 0.027995 0.028995 0.029995 0.030996 0.031996 0.032997 0.033998 0.034999 0.036000 
0.031000 0.031998 0.032996 0.033994 0.034993 0.035992 0.036991 0.037990 0.038990 0.039991 0.040992 0.041993 0.042994 0.043996 0.044998 0.046000 
0.041000 0.041997 0.042994 0.043992 0.044990 0.045988 0.046986 0.047985 0.048985 0.049986 0.050988 0.051990 0.052992 0.053994 0.054997 0.056000 
0.051000 0.051996 0.052993 0.053990 0.054987 0.055984 0.056983 0.057981 0.058981 0.059983 0.060984 0.061987 0.062990 0.063993 0.064996 0.066000 
0.061000 0.061996 0.062992 0.063988 0.064984 0.065982 0.066979 0.067978 0.068978 0.069979 0.070982 0.071984 0.072988 0.073992 0.074996 0.076000 
0.071000 0.071995 0.072991 0.073986 0.074983 0.075979 0.076977 0.077975 0.078975 0.079977 0.080979 0.081983 0.082986 0.083991 0.084995 0.086000 
0.081000 0.081995 0.082990 0.083985 0.084981 0.085978 0.086975 0.087973 0.088973 0.089975 0.090978 0.091981 0.092985 0.093990 0.094995 0.096000 
0.091000 0.091995 0.092990 0.093985 0.094981 0.095978 0.096975 0.097973 0.098973 0.099975 0.100978 0.101981 0.102985 0.103990 0.104995 0.106000 
0.101000 0.101995 0.102991 0.103986 0.104983 0.105979 0.106977 0.107975 0.108975 0.109977 0.110979 0.111983 0.112986 0.113991 0.114995 0.116000 
0.111000 0.111996 0.112992 0.113988 0.114984 0.115982 0.116979 0.117978 0.118978 0.119979 0.120982 0.121984 0.122988 0.123992 0.124996 0.126000 
0.121000 0.121996 0.122993 0.123990 0.124987 0.125984 0.126983 0.127981 0.128981 0.129983 0.130984 0.131987 0.132990 0.133993 0.134996 0.136000 
0.131000 0.131997 0.132994 0.133992 0.134990 0.135988 0.136986 0.137985 0.138985 0.139986 0.140988 0.141990 0.142992 0.143994 0.144997 0.146000 
0.141000 0.141998 0.142996 0.143994 0.144993 0.145992 0.146991 0.147990 0.148990 0.149991 0.150992 0.151993 0.152994 0.153996 0.154998 0.156000 
0.151000 0.151999 0.152998 0.153997 0.154996 0.155996 0.156995 0.157995 0.158995 0.159995 0.160996 0.161996 0.162997 0.163998 0.164999 0.166000 
0.161000 0.162000 0.163000 0.164000 0.165000 0.166000 0.167000 0.168000 0.169000 0.170000 0.171000 0.172000 0.173000 0.174000 0.175000 0.176000 
