0.011000 0.012000 0.013000 0.014000 0.015000 0.016000 0.017000 0.018000 0.019000 0.020000 0.021000 0.022000 0.023000 0.024000 0.025000 0.026000 0.027000 0.028000 0.029000 0.030000 0.031000 0.032000 0.033000 0.034000 0.035000 0.036000 0.037000 0.038000 0.039000 0.040000 0.041000 0.042000 0.043000 0.044000 0.045000 0.046000 0.047000 0.048000 0.049000 0.050000 0.051000 0.052000 0.053000 0.054000 0.055000 0.056000 0.057000 0.058000 0.059000 0.060000 0.061000 0.062000 0.063000 0.064000 0.065000 0.066000 0.067000 0.068000 0.069000 0.070000 0.071000 0.072000 0.073000 0.074000 
0.021000 0.021998 0.022996 0.023994 0.024992 0.025990 0.026988 0.027986 0.028985 0.029983 0.030981 0.031979 0.032978 0.033976 0.034974 0.035973 0.036971 0.037970 0.038969 0.039968 0.040966 0.041965 0.042964 0.043963 0.044963 0.045962 0.046961 0.047961 0.048960 0.049960 0.050959 0.051959 0.052959 0.053959 0.054960 0.055960 0.056961 0.057961 0.058962 0.059963 0.060963 0.061964 0.062965 0.063966 0.064968 0.065969 0.066970 0.067971 0.068973 0.069974 0.070976 0.071978 0.072979 0.073981 0.074983 0.075985 0.076986 0.077988 0.078990 0.079992 0.080994 0.081996 0.082998 0.084000 
0.031000 0.031996 0.032992 0.033988 0.034984 0.035980 0.036977 0.037973 0.038969 0.039966 0.040962 0.041959 0.042955 0.043952 0.044949 0.045946 0.046943 0.047940 0.048938 0.049935 0.050933 0.051931 0.052929 0.053927 0.054925 0.055924 0.056922 0.057921 0.058920 0.059920 0.060919 0.061919 0.062919 0.063919 0.064920 0.065920 0.066921 0.067922 0.068924 0.069925 0.070927 0.071929 0.072931 0.073933 0.074935 0.075938 0.076940 0.077943 0.078946 0.079949 0.080952 0.081955 0.082959 0.083962 0.084966 0.085969 0.086973 0.087977 0.088980 0.089984 0.090988 0.091992 0.092996 0.094000 
0.041000 0.041994 0.042988 0.043982 0.044977 0.045971 0.046965 0.047959 0.048954 0.049949 0.050943 0.051938 0.052933 0.053928 0.054924 0.055919 0.056915 0.057911 0.058907 0.059903 0.060900 0.061896 0.062893 0.063891 0.064888 0.065886 0.066884 0.067882 0.068881 0.069880 0.070879 0.071878 0.072878 0.073879 0.074880 0.075881 0.076882 0.077884 0.078886 0.079888 0.080891 0.081893 0.082896 0.083900 0.084903 0.085907 0.086911 0.087915 0.088919 0.089924 0.090928 0.091933 0.092938 0.093943 0.094949 0.095954 0.096959 0.097965 0.098971 0.099977 0.100982 0.101988 0.102994 0.104000 
0.051000 0.051992 0.052984 0.053977 0.054969 0.055961 0.056954 0.057946 0.058939 0.059932 0.060925 0.061918 0.062911 0.063905 0.064898 0.065892 0.066887 0.067881 0.068876 0.069871 0.070866 0.071862 0.072858 0.073855 0.074851 0.075848 0.076846 0.077843 0.078842 0.079840 0.080839 0.081838 0.082838 0.083839 0.084840 0.085842 0.086843 0.087846 0.088848 0.089851 0.090855 0.091858 0.092862 0.093866 0.094871 0.095876 0.096881 0.097887 0.098892 0.099898 0.100905 0.101911 0.102918 0.103925 0.104932 0.105939 0.106946 0.107954 0.108961 0.109969 0.110977 0.111984 0.112992 0.114000 
0.061000 0.061990 0.062980 0.063971 0.064961 0.065952 0.066942 0.067933 0.068924 0.069915 0.070906 0.071898 0.072889 0.073881 0.074873 0.075866 0.076859 0.077852 0.078846 0.079839 0.080834 0.081828 0.082823 0.083819 0.084815 0.085811 0.086808 0.087805 0.088803 0.089801 0.090799 0.091798 0.092798 0.093799 0.094801 0.095803 0.096805 0.097808 0.098811 0.099815 0.100819 0.101823 0.102828 0.103834 0.104839 0.105846 0.106852 0.107859 0.108866 0.109873 0.110881 0.111889 0.112898 0.113906 0.114915 0.115924 0.116933 0.117942 0.118952 0.119961 0.120971 0.121980 0.122990 0.124000 
0.071000 0.071988 0.072977 0.073965 0.074954 0.075942 0.076931 0.077920 0.078909 0.079898 0.080888 0.081878 0.082868 0.083858 0.084849 0.085840 0.086831 0.087823 0.088815 0.089808 0.090801 0.091795 0.092789 0.093784 0.094779 0.095774 0.096770 0.097767 0.098764 0.099762 0.100760 0.101759 0.102759 0.103760 0.104762 0.105764 0.106767 0.107770 0.108774 0.109779 0.110784 0.111789 0.112795 0.113801 0.114808 0.115815 0.116823 0.117831 0.118840 0.119849 0.120858 0.121868 0.122878 0.123888 0.124898 0.125909 0.126920 0.127931 0.128942 0.129954 0.130965 0.131977 0.132988 0.134000 
0.081000 0.081986 0.082973 0.083959 0.084946 0.085933 0.086920 0.087907 0.088894 0.089882 0.090870 0.091858 0.092846 0.093835 0.094824 0.095814 0.096804 0.097795 0.098786 0.099777 0.100769 0.101762 0.102755 0.103749 0.104743 0.105738 0.106733 0.107730 0.108726 0.109724 0.110722 0.111720 0.112720 0.113722 0.114724 0.115726 0.116730 0.117733 0.118738 0.119743 0.120749 0.121755 0.122762 0.123769 0.124777 0.125786 0.126795 0.127804 0.128814 0.129824 0.130835 0.131846 0.132858 0.133870 0.134882 0.135894 0.136907 0.137920 0.138933 0.139946 0.140959 0.141973 0.142986 0.144000 
0.091000 0.091985 0.092969 0.093954 0.094939 0.095924 0.096909 0.097894 0.098880 0.099866 0.100852 0.101839 0.102825 0.103813 0.104801 0.105789 0.106778 0.107767 0.108757 0.109747 0.110738 0.111729 0.112722 0.113714 0.114708 0.115702 0.116697 0.117693 0.118689 0.119686 0.120684 0.121682 0.122682 0.123684 0.124686 0.125689 0.126693 0.127697 0.128702 0.129708 0.130714 0.131722 0.132729 0.133738 0.134747 0.135757 0.136767 0.137778 0.138789 0.139801 0.140813 0.141825 0.142839 0.143852 0.144866 0.145880 0.146894 0.147909 0.148924 0.149939 0.150954 0.151969 0.152985 0.154000 
0.101000 0.101983 0.102966 0.103949 0.104932 0.105915 0.106898 0.107882 0.108866 0.109850 0.110835 0.111820 0.112805 0.113791 0.114777 0.115764 0.116751 0.117739 0.118728 0.119717 0.120707 0.121698 0.122689 0.123681 0.124674 0.125667 0.126662 0.127657 0.128652 0.129649 0.130647 0.131645 0.132645 0.133647 0.134649 0.135652 0.136657 0.137662 0.138667 0.139674 0.140681 0.141689 0.142698 0.143707 0.144717 0.145728 0.146739 0.147751 0.148764 0.149777 0.150791 0.151805 0.152820 0.153835 0.154850 0.155866 0.156882 0.157898 0.158915 0.159932 0.160949 0.161966 0.162983 0.164000 
0.111000 0.111981 0.112962 0.113943 0.114925 0.115906 0.116888 0.117870 0.118852 0.119835 0.120818 0.121801 0.122785 0.123769 0.124754 0.125740 0.126726 0.127713 0.128700 0.129688 0.130677 0.131667 0.132657 0.133648 0.134640 0.135633 0.136627 0.137621 0.138617 0.139613 0.140610 0.141609 0.142609 0.143610 0.144613 0.145617 0.146621 0.147627 0.148633 0.149640 0.150648 0.151657 0.152667 0.153677 0.154688 0.155700 0.156713 0.157726 0.158740 0.159754 0.160769 0.161785 0.162801 0.163818 0.164835 0.165852 0.166870 0.167888 0.168906 0.169925 0.170943 0.171962 0.172981 0.174000 
0.121000 0.121979 0.122959 0.123938 0.124918 0.125898 0.126878 0.127858 0.128839 0.129820 0.130801 0.131783 0.132765 0.133748 0.134732 0.135716 0.136701 0.137686 0.138673 0.139660 0.140648 0.141636 0.142626 0.143616 0.144607 0.145600 0.146593 0.147587 0.148582 0.149578 0.150575 0.151573 0.152573 0.153575 0.154578 0.155582 0.156587 0.157593 0.158600 0.159607 0.160616 0.161626 0.162636 0.163648 0.164660 0.165673 0.166686 0.167701 0.168716 0.169732 0.170748 0.171765 0.172783 0.173801 0.174820 0.175839 0.176858 0.177878 0.178898 0.179918 0.180938 0.181959 0.182979 0.184000 
0.131000 0.131978 0.132955 0.133933 0.134911 0.135889 0.136868 0.137846 0.138825 0.139805 0.140785 0.141765 0.142746 0.143728 0.144710 0.145693 0.146677 0.147661 0.148646 0.149632 0.150619 0.151607 0.152595 0.153585 0.154576 0.155567 0.156560 0.157553 0.158548 0.159544 0.160541 0.161538 0.162538 0.163541 0.164544 0.165548 0.166553 0.167560 0.168567 0.169576 0.170585 0.171595 0.172607 0.173619 0.174632 0.175646 0.176661 0.177677 0.178693 0.179710 0.180728 0.181746 0.182765 0.183785 0.184805 0.185825 0.186846 0.187868 0.188889 0.189911 0.190933 0.191955 0.192978 0.194000 
0.141000 0.141976 0.142952 0.143928 0.144905 0.145881 0.146858 0.147835 0.148813 0.149791 0.150769 0.151748 0.152728 0.153708 0.154689 0.155671 0.156653 0.157636 0.158621 0.159606 0.160591 0.161578 0.162566 0.163555 0.164545 0.165536 0.166528 0.167521 0.168515 0.169511 0.170507 0.171505 0.172505 0.173507 0.174511 0.175515 0.176521 0.177528 0.178536 0.179545 0.180555 0.181566 0.182578 0.183591 0.184606 0.185621 0.186636 0.187653 0.188671 0.189689 0.190708 0.191728 0.192748 0.193769 0.194791 0.195813 0.196835 0.197858 0.198881 0.199905 0.200928 0.201952 0.202976 0.204000 
0.151000 0.151974 0.152949 0.153924 0.154898 0.155873 0.156849 0.157824 0.158801 0.159777 0.160754 0.161732 0.162710 0.163689 0.164669 0.165649 0.166631 0.167613 0.168596 0.169580 0.170565 0.171551 0.172538 0.173526 0.174515 0.175506 0.176497 0.177490 0.178484 0.179479 0.180475 0.181473 0.182473 0.183475 0.184479 0.185484 0.186490 0.187497 0.188506 0.189515 0.190526 0.191538 0.192551 0.193565 0.194580 0.195596 0.196613 0.197631 0.198649 0.199669 0.200689 0.201710 0.202732 0.203754 0.204777 0.205801 0.206824 0.207849 0.208873 0.209898 0.210924 0.211949 0.212974 0.214000 
0.161000 0.161973 0.162946 0.163919 0.164892 0.165866 0.166840 0.167814 0.168789 0.169764 0.170740 0.171716 0.172693 0.173671 0.174649 0.175629 0.176609 0.177590 0.178572 0.179555 0.180539 0.181524 0.182511 0.183498 0.184487 0.185476 0.186467 0.187460 0.188453 0.189448 0.190444 0.191441 0.192441 0.193444 0.194448 0.195453 0.196460 0.197467 0.198476 0.199487 0.200498 0.201511 0.202524 0.203539 0.204555 0.205572 0.206590 0.207609 0.208629 0.209649 0.210671 0.211693 0.212716 0.213740 0.214764 0.215789 0.216814 0.217840 0.218866 0.219892 0.220919 0.221946 0.222973 0.224000 
0.171000 0.171971 0.172943 0.173915 0.174887 0.175859 0.176831 0.177804 0.178778 0.179751 0.180726 0.181701 0.182677 0.183653 0.184631 0.185609 0.186588 0.187568 0.188549 0.189531 0.190514 0.191499 0.192484 0.193471 0.194459 0.195448 0.196439 0.197431 0.198424 0.199418 0.200414 0.201412 0.202412 0.203414 0.204418 0.205424 0.206431 0.207439 0.208448 0.209459 0.210471 0.211484 0.212499 0.213514 0.214531 0.215549 0.216568 0.217588 0.218609 0.219631 0.220653 0.221677 0.222701 0.223726 0.224751 0.225778 0.226804 0.227831 0.228859 0.229887 0.230915 0.231943 0.232971 0.234000 
0.181000 0.181970 0.182940 0.183911 0.184881 0.185852 0.186823 0.187795 0.188767 0.189739 0.190713 0.191686 0.192661 0.193636 0.194613 0.195590 0.196568 0.197547 0.198527 0.199509 0.200491 0.201475 0.202459 0.203446 0.204433 0.205422 0.206412 0.207403 0.208396 0.209390 0.210386 0.211383 0.212383 0.213386 0.214390 0.215396 0.216403 0.217412 0.218422 0.219433 0.220446 0.221459 0.222475 0.223491 0.224509 0.225527 0.226547 0.227568 0.228590 0.229613 0.230636 0.231661 0.232686 0.233713 0.234739 0.235767 0.236795 0.237823 0.238852 0.239881 0.240911 0.241940 0.242970 0.244000 
0.191000 0.191969 0.192938 0.193907 0.194876 0.195846 0.196815 0.197786 0.198757 0.199728 0.200700 0.201673 0.202646 0.203621 0.204596 0.205572 0.206549 0.207527 0.208507 0.209487 0.210469 0.211452 0.212436 0.213421 0.214408 0.215396 0.216386 0.217377 0.218370 0.219364 0.220359 0.221356 0.222356 0.223359 0.224364 0.225370 0.226377 0.227386 0.228396 0.229408 0.230421 0.231436 0.232452 0.233469 0.234487 0.235507 0.236527 0.237549 0.238572 0.239596 0.240621 0.241646 0.242673 0.243700 0.244728 0.245757 0.246786 0.247815 0.248846 0.249876 0.250907 0.251938 0.252969 0.254000 
0.201000 0.201968 0.202935 0.203903 0.204871 0.205839 0.206808 0.207777 0.208747 0.209717 0.210688 0.211660 0.212632 0.213606 0.214580 0.215555 0.216531 0.217509 0.218487 0.219467 0.220448 0.221430 0.222413 0.223398 0.224385 0.225373 0.226362 0.227352 0.228345 0.229338 0.230334 0.231331 0.232331 0.233334 0.234338 0.235345 0.236352 0.237362 0.238373 0.239385 0.240398 0.241413 0.242430 0.243448 0.244467 0.245487 0.246509 0.247531 0.248555 0.249580 0.250606 0.251632 0.252660 0.253688 0.254717 0.255747 0.256777 0.257808 0.258839 0.259871 0.260903 0.261935 0.262968 0.264000 
0.211000 0.211966 0.212933 0.213900 0.214866 0.215834 0.216801 0.217769 0.218738 0.219707 0.220677 0.221648 0.222619 0.223591 0.224565 0.225539 0.226514 0.227491 0.228469 0.229448 0.230428 0.231410 0.232393 0.233377 0.234363 0.235350 0.236339 0.237329 0.238321 0.239315 0.240310 0.241307 0.242307 0.243310 0.244315 0.245321 0.246329 0.247339 0.248350 0.249363 0.250377 0.251393 0.252410 0.253428 0.254448 0.255469 0.256491 0.257514 0.258539 0.259565 0.260591 0.261619 0.262648 0.263677 0.264707 0.265738 0.266769 0.267801 0.268834 0.269866 0.270900 0.271933 0.272966 0.274000 
0.221000 0.221965 0.222931 0.223896 0.224862 0.225828 0.226795 0.227762 0.228729 0.229698 0.230667 0.231636 0.232607 0.233578 0.234551 0.235524 0.236499 0.237475 0.238452 0.239430 0.240410 0.241391 0.242373 0.243357 0.244342 0.245329 0.246318 0.247308 0.248299 0.249293 0.250288 0.251284 0.252284 0.253288 0.254293 0.255299 0.256308 0.257318 0.258329 0.259342 0.260357 0.261373 0.262391 0.263410 0.264430 0.265452 0.266475 0.267499 0.268524 0.269551 0.270578 0.271607 0.272636 0.273667 0.274698 0.275729 0.276762 0.277795 0.278828 0.279862 0.280896 0.281931 0.282965 0.284000 
0.231000 0.231964 0.232929 0.233893 0.234858 0.235823 0.236789 0.237755 0.238722 0.239689 0.240657 0.241626 0.242595 0.243566 0.244538 0.245511 0.246484 0.247459 0.248436 0.249413 0.250393 0.251373 0.252355 0.253338 0.254323 0.255310 0.256298 0.257288 0.258279 0.259272 0.260267 0.261264 0.262264 0.263267 0.264272 0.265279 0.266288 0.267298 0.268310 0.269323 0.270338 0.271355 0.272373 0.273393 0.274413 0.275436 0.276459 0.277484 0.278511 0.279538 0.280566 0.281595 0.282626 0.283657 0.284689 0.285722 0.286755 0.287789 0.288823 0.289858 0.290893 0.291929 0.292964 0.294000 
0.241000 0.241963 0.242927 0.243891 0.244855 0.245819 0.246784 0.247749 0.248714 0.249681 0.250648 0.251616 0.252585 0.253555 0.254526 0.255498 0.256471 0.257446 0.258421 0.259398 0.260377 0.261357 0.262338 0.263321 0.264306 0.265292 0.266280 0.267269 0.268261 0.269254 0.270248 0.271245 0.272245 0.273248 0.274254 0.275261 0.276269 0.277280 0.278292 0.279306 0.280321 0.281338 0.282357 0.283377 0.284398 0.285421 0.286446 0.287471 0.288498 0.289526 0.290555 0.291585 0.292616 0.293648 0.294681 0.295714 0.296749 0.297784 0.298819 0.299855 0.300891 0.301927 0.302963 0.304000 
0.251000 0.251963 0.252925 0.253888 0.254851 0.255815 0.256779 0.257743 0.258708 0.259674 0.260640 0.261607 0.262576 0.263545 0.264515 0.265487 0.266459 0.267433 0.268408 0.269385 0.270363 0.271342 0.272323 0.273306 0.274290 0.275276 0.276264 0.277253 0.278244 0.279237 0.280231 0.281228 0.282228 0.283231 0.284237 0.285244 0.286253 0.287264 0.288276 0.289290 0.290306 0.291323 0.292342 0.293363 0.294385 0.295408 0.296433 0.297459 0.298487 0.299515 0.300545 0.301576 0.302607 0.303640 0.304674 0.305708 0.306743 0.307779 0.308815 0.309851 0.310888 0.311925 0.312963 0.314000 
0.261000 0.261962 0.262924 0.263886 0.264848 0.265811 0.266774 0.267738 0.268702 0.269667 0.270633 0.271600 0.272567 0.273536 0.274505 0.275476 0.276448 0.277422 0.278396 0.279373 0.280350 0.281329 0.282310 0.283292 0.284276 0.285262 0.286249 0.287238 0.288229 0.289222 0.290216 0.291212 0.292212 0.293216 0.294222 0.295229 0.296238 0.297249 0.298262 0.299276 0.300292 0.301310 0.302329 0.303350 0.304373 0.305396 0.306422 0.307448 0.308476 0.309505 0.310536 0.311567 0.312600 0.313633 0.314667 0.315702 0.316738 0.317774 0.318811 0.319848 0.320886 0.321924 0.322962 0.324000 
0.271000 0.271961 0.272922 0.273884 0.274846 0.275808 0.276770 0.277733 0.278697 0.279662 0.280627 0.281593 0.282560 0.283528 0.284497 0.285467 0.286439 0.287412 0.288386 0.289362 0.290339 0.291318 0.292298 0.293280 0.294264 0.295249 0.296236 0.297225 0.298216 0.299208 0.300203 0.301199 0.302199 0.303203 0.304208 0.305216 0.306225 0.307236 0.308249 0.309264 0.310280 0.311298 0.312318 0.313339 0.314362 0.315386 0.316412 0.317439 0.318467 0.319497 0.320528 0.321560 0.322593 0.323627 0.324662 0.325697 0.326733 0.327770 0.328808 0.329846 0.330884 0.331922 0.332961 0.334000 
0.281000 0.281961 0.282921 0.283882 0.284843 0.285805 0.286767 0.287730 0.288693 0.289657 0.290621 0.291587 0.292553 0.293521 0.294490 0.295460 0.296431 0.297403 0.298377 0.299352 0.300329 0.301308 0.302288 0.303269 0.304253 0.305238 0.306225 0.307214 0.308204 0.309197 0.310191 0.311187 0.312187 0.313191 0.314197 0.315204 0.316214 0.317225 0.318238 0.319253 0.320269 0.321288 0.322308 0.323329 0.324352 0.325377 0.326403 0.327431 0.328460 0.329490 0.330521 0.331553 0.332587 0.333621 0.334657 0.335693 0.336730 0.337767 0.338805 0.339843 0.340882 0.341921 0.342961 0.344000 
0.291000 0.291960 0.292920 0.293881 0.294842 0.295803 0.296764 0.297726 0.298689 0.299652 0.300617 0.301582 0.302548 0.303515 0.304484 0.305453 0.306424 0.307396 0.308370 0.309345 0.310321 0.311299 0.312279 0.313261 0.314244 0.315229 0.316216 0.317204 0.318195 0.319187 0.320181 0.321177 0.322177 0.323181 0.324187 0.325195 0.326204 0.327216 0.328229 0.329244 0.330261 0.331279 0.332299 0.333321 0.334345 0.335370 0.336396 0.337424 0.338453 0.339484 0.340515 0.341548 0.342582 0.343617 0.344652 0.345689 0.346726 0.347764 0.348803 0.349842 0.350881 0.351920 0.352960 0.354000 
0.301000 0.301960 0.302920 0.303880 0.304840 0.305801 0.306762 0.307724 0.308686 0.309649 0.310613 0.311578 0.312544 0.313511 0.314479 0.315448 0.316418 0.317390 0.318364 0.319338 0.320315 0.321293 0.322272 0.323254 0.324237 0.325222 0.326208 0.327197 0.328187 0.329179 0.330174 0.331170 0.332170 0.333174 0.334179 0.335187 0.336197 0.337208 0.338222 0.339237 0.340254 0.341272 0.342293 0.343315 0.344338 0.345364 0.346390 0.347418 0.348448 0.349479 0.350511 0.351544 0.352578 0.353613 0.354649 0.355686 0.356724 0.357762 0.358801 0.359840 0.360880 0.361920 0.362960 0.364000 
0.311000 0.311959 0.312919 0.313879 0.314839 0.315799 0.316760 0.317722 0.318684 0.319647 0.320610 0.321575 0.322541 0.323507 0.324475 0.325444 0.326414 0.327386 0.328359 0.329334 0.330310 0.331288 0.332267 0.333248 0.334231 0.335216 0.336203 0.337191 0.338181 0.339174 0.340168 0.341164 0.342164 0.343168 0.344174 0.345181 0.346191 0.347203 0.348216 0.349231 0.350248 0.351267 0.352288 0.353310 0.354334 0.355359 0.356386 0.357414 0.358444 0.359475 0.360507 0.361541 0.362575 0.363610 0.364647 0.365684 0.366722 0.367760 0.368799 0.369839 0.370879 0.371919 0.372959 0.374000 
0.321000 0.321959 0.322919 0.323878 0.324838 0.325798 0.326759 0.327720 0.328682 0.329645 0.330609 0.331573 0.332538 0.333505 0.334473 0.335441 0.336412 0.337383 0.338356 0.339331 0.340307 0.341284 0.342264 0.343245 0.344228 0.345212 0.346199 0.347187 0.348177 0.349170 0.350164 0.351160 0.352160 0.353164 0.354170 0.355177 0.356187 0.357199 0.358212 0.359228 0.360245 0.361264 0.362284 0.363307 0.364331 0.365356 0.366383 0.367412 0.368441 0.369473 0.370505 0.371538 0.372573 0.373609 0.374645 0.375682 0.376720 0.377759 0.378798 0.379838 0.380878 0.381919 0.382959 0.384000 
0.331000 0.331959 0.332919 0.333878 0.334838 0.335798 0.336759 0.337720 0.338682 0.339645 0.340609 0.341573 0.342538 0.343505 0.344473 0.345441 0.346412 0.347383 0.348356 0.349331 0.350307 0.351284 0.352264 0.353245 0.354228 0.355212 0.356199 0.357187 0.358177 0.359170 0.360164 0.361160 0.362160 0.363164 0.364170 0.365177 0.366187 0.367199 0.368212 0.369228 0.370245 0.371264 0.372284 0.373307 0.374331 0.375356 0.376383 0.377412 0.378441 0.379473 0.380505 0.381538 0.382573 0.383609 0.384645 0.385682 0.386720 0.387759 0.388798 0.389838 0.390878 0.391919 0.392959 0.394000 
0.341000 0.341959 0.342919 0.343879 0.344839 0.345799 0.346760 0.347722 0.348684 0.349647 0.350610 0.351575 0.352541 0.353507 0.354475 0.355444 0.356414 0.357386 0.358359 0.359334 0.360310 0.361288 0.362267 0.363248 0.364231 0.365216 0.366203 0.367191 0.368181 0.369174 0.370168 0.371164 0.372164 0.373168 0.374174 0.375181 0.376191 0.377203 0.378216 0.379231 0.380248 0.381267 0.382288 0.383310 0.384334 0.385359 0.386386 0.387414 0.388444 0.389475 0.390507 0.391541 0.392575 0.393610 0.394647 0.395684 0.396722 0.397760 0.398799 0.399839 0.400879 0.401919 0.402959 0.404000 
0.351000 0.351960 0.352920 0.353880 0.354840 0.355801 0.356762 0.357724 0.358686 0.359649 0.360613 0.361578 0.362544 0.363511 0.364479 0.365448 0.366418 0.367390 0.368364 0.369338 0.370315 0.371293 0.372272 0.373254 0.374237 0.375222 0.376208 0.377197 0.378187 0.379179 0.380174 0.381170 0.382170 0.383174 0.384179 0.385187 0.386197 0.387208 0.388222 0.389237 0.390254 0.391272 0.392293 0.393315 0.394338 0.395364 0.396390 0.397418 0.398448 0.399479 0.400511 0.401544 0.402578 0.403613 0.404649 0.405686 0.406724 0.407762 0.408801 0.409840 0.410880 0.411920 0.412960 0.414000 
0.361000 0.361960 0.362920 0.363881 0.364842 0.365803 0.366764 0.367726 0.368689 0.369652 0.370617 0.371582 0.372548 0.373515 0.374484 0.375453 0.376424 0.377396 0.378370 0.379345 0.380321 0.381299 0.382279 0.383261 0.384244 0.385229 0.386216 0.387204 0.388195 0.389187 0.390181 0.391177 0.392177 0.393181 0.394187 0.395195 0.396204 0.397216 0.398229 0.399244 0.400261 0.401279 0.402299 0.403321 0.404345 0.405370 0.406396 0.407424 0.408453 0.409484 0.410515 0.411548 0.412582 0.413617 0.414652 0.415689 0.416726 0.417764 0.418803 0.419842 0.420881 0.421920 0.422960 0.424000 
0.371000 0.371961 0.372921 0.373882 0.374843 0.375805 0.376767 0.377730 0.378693 0.379657 0.380621 0.381587 0.382553 0.383521 0.384490 0.385460 0.386431 0.387403 0.388377 0.389352 0.390329 0.391308 0.392288 0.393269 0.394253 0.395238 0.396225 0.397214 0.398204 0.399197 0.400191 0.401187 0.402187 0.403191 0.404197 0.405204 0.406214 0.407225 0.408238 0.409253 0.410269 0.411288 0.412308 0.413329 0.414352 0.415377 0.416403 0.417431 0.418460 0.419490 0.420521 0.421553 0.422587 0.423621 0.424657 0.425693 0.426730 0.427767 0.428805 0.429843 0.430882 0.431921 0.432961 0.434000 
0.381000 0.381961 0.382922 0.383884 0.384846 0.385808 0.386770 0.387733 0.388697 0.389662 0.390627 0.391593 0.392560 0.393528 0.394497 0.395467 0.396439 0.397412 0.398386 0.399362 0.400339 0.401318 0.402298 0.403280 0.404264 0.405249 0.406236 0.407225 0.408216 0.409208 0.410203 0.411199 0.412199 0.413203 0.414208 0.415216 0.416225 0.417236 0.418249 0.419264 0.420280 0.421298 0.422318 0.423339 0.424362 0.425386 0.426412 0.427439 0.428467 0.429497 0.430528 0.431560 0.432593 0.433627 0.434661 0.435697 0.436733 0.437770 0.438808 0.439846 0.440884 0.441922 0.442961 0.444000 
0.391000 0.391962 0.392924 0.393886 0.394848 0.395811 0.396774 0.397738 0.398702 0.399667 0.400633 0.401600 0.402567 0.403536 0.404505 0.405476 0.406448 0.407422 0.408396 0.409373 0.410350 0.411329 0.412310 0.413292 0.414276 0.415262 0.416249 0.417238 0.418229 0.419222 0.420216 0.421212 0.422212 0.423216 0.424222 0.425229 0.426238 0.427249 0.428262 0.429276 0.430292 0.431310 0.432329 0.433350 0.434373 0.435396 0.436422 0.437448 0.438476 0.439505 0.440536 0.441567 0.442600 0.443633 0.444667 0.445702 0.446738 0.447774 0.448811 0.449848 0.450886 0.451924 0.452962 0.454000 
0.401000 0.401963 0.402925 0.403888 0.404851 0.405815 0.406779 0.407743 0.408708 0.409674 0.410640 0.411607 0.412576 0.413545 0.414515 0.415487 0.416459 0.417433 0.418408 0.419385 0.420363 0.421342 0.422323 0.423306 0.424290 0.425276 0.426264 0.427253 0.428244 0.429237 0.430231 0.431228 0.432228 0.433231 0.434237 0.435244 0.436253 0.437264 0.438276 0.439290 0.440306 0.441323 0.442342 0.443363 0.444385 0.445408 0.446433 0.447459 0.448487 0.449515 0.450545 0.451576 0.452607 0.453640 0.454674 0.455708 0.456743 0.457779 0.458815 0.459851 0.460888 0.461925 0.462963 0.464000 
0.411000 0.411963 0.412927 0.413891 0.414855 0.415819 0.416784 0.417749 0.418714 0.419681 0.420648 0.421616 0.422585 0.423555 0.424526 0.425498 0.426471 0.427446 0.428421 0.429398 0.430377 0.431357 0.432338 0.433321 0.434306 0.435292 0.436280 0.437269 0.438261 0.439254 0.440248 0.441245 0.442245 0.443248 0.444254 0.445261 0.446269 0.447280 0.448292 0.449306 0.450321 0.451338 0.452357 0.453377 0.454398 0.455421 0.456446 0.457471 0.458498 0.459526 0.460555 0.461585 0.462616 0.463648 0.464681 0.465714 0.466749 0.467783 0.468819 0.469855 0.470891 0.471927 0.472963 0.474000 
0.421000 0.421964 0.422929 0.423893 0.424858 0.425823 0.426789 0.427755 0.428722 0.429689 0.430657 0.431626 0.432595 0.433566 0.434538 0.435511 0.436484 0.437459 0.438436 0.439413 0.440393 0.441373 0.442355 0.443338 0.444323 0.445310 0.446298 0.447288 0.448279 0.449272 0.450267 0.451264 0.452264 0.453267 0.454272 0.455279 0.456288 0.457298 0.458310 0.459323 0.460338 0.461355 0.462373 0.463393 0.464413 0.465436 0.466459 0.467484 0.468511 0.469538 0.470566 0.471595 0.472626 0.473657 0.474689 0.475722 0.476755 0.477789 0.478823 0.479858 0.480893 0.481929 0.482964 0.484000 
0.431000 0.431965 0.432931 0.433896 0.434862 0.435828 0.436795 0.437762 0.438729 0.439698 0.440667 0.441636 0.442607 0.443578 0.444551 0.445524 0.446499 0.447475 0.448452 0.449430 0.450410 0.451391 0.452373 0.453357 0.454342 0.455329 0.456318 0.457308 0.458299 0.459293 0.460288 0.461284 0.462284 0.463288 0.464293 0.465299 0.466308 0.467318 0.468329 0.469342 0.470357 0.471373 0.472391 0.473410 0.474430 0.475452 0.476475 0.477499 0.478524 0.479551 0.480578 0.481607 0.482636 0.483667 0.484698 0.485729 0.486762 0.487795 0.488828 0.489862 0.490896 0.491931 0.492965 0.494000 
0.441000 0.441966 0.442933 0.443900 0.444866 0.445834 0.446801 0.447769 0.448738 0.449707 0.450677 0.451648 0.452619 0.453591 0.454565 0.455539 0.456514 0.457491 0.458469 0.459448 0.460428 0.461410 0.462393 0.463377 0.464363 0.465350 0.466339 0.467329 0.468321 0.469315 0.470310 0.471307 0.472307 0.473310 0.474315 0.475321 0.476329 0.477339 0.478350 0.479363 0.480377 0.481392 0.482410 0.483428 0.484448 0.485469 0.486491 0.487514 0.488539 0.489565 0.490591 0.491619 0.492648 0.493677 0.494707 0.495738 0.496769 0.497801 0.498834 0.499866 0.500900 0.501933 0.502966 0.504000 
0.451000 0.451968 0.452935 0.453903 0.454871 0.455839 0.456808 0.457777 0.458747 0.459717 0.460688 0.461660 0.462632 0.463606 0.464580 0.465555 0.466531 0.467509 0.468487 0.469467 0.470448 0.471430 0.472413 0.473398 0.474385 0.475372 0.476362 0.477352 0.478345 0.479338 0.480334 0.481331 0.482331 0.483334 0.484338 0.485345 0.486352 0.487362 0.488372 0.489385 0.490398 0.491413 0.492430 0.493448 0.494467 0.495487 0.496509 0.497531 0.498555 0.499580 0.500606 0.501632 0.502660 0.503688 0.504717 0.505747 0.506777 0.507808 0.508839 0.509871 0.510903 0.511935 0.512968 0.514000 
0.461000 0.461969 0.462938 0.463907 0.464876 0.465846 0.466815 0.467786 0.468757 0.469728 0.470700 0.471673 0.472646 0.473621 0.474596 0.475572 0.476549 0.477527 0.478507 0.479487 0.480469 0.481452 0.482436 0.483421 0.484408 0.485396 0.486386 0.487377 0.488370 0.489364 0.490359 0.491356 0.492356 0.493359 0.494364 0.495370 0.496377 0.497386 0.498396 0.499408 0.500421 0.501436 0.502452 0.503469 0.504487 0.505507 0.506527 0.507549 0.508572 0.509596 0.510621 0.511646 0.512673 0.513700 0.514728 0.515757 0.516786 0.517815 0.518846 0.519876 0.520907 0.521938 0.522969 0.524000 
0.471000 0.471970 0.472940 0.473911 0.474881 0.475852 0.476823 0.477795 0.478767 0.479739 0.480713 0.481686 0.482661 0.483636 0.484613 0.485590 0.486568 0.487547 0.488527 0.489509 0.490491 0.491475 0.492459 0.493446 0.494433 0.495422 0.496412 0.497403 0.498396 0.499390 0.500386 0.501383 0.502383 0.503386 0.504390 0.505396 0.506403 0.507412 0.508422 0.509433 0.510446 0.511459 0.512475 0.513491 0.514509 0.515527 0.516547 0.517568 0.518590 0.519613 0.520636 0.521661 0.522686 0.523713 0.524739 0.525767 0.526795 0.527823 0.528852 0.529881 0.530911 0.531940 0.532970 0.534000 
0.481000 0.481971 0.482943 0.483915 0.484887 0.485859 0.486831 0.487804 0.488778 0.489751 0.490726 0.491701 0.492677 0.493653 0.494631 0.495609 0.496588 0.497568 0.498549 0.499531 0.500514 0.501499 0.502484 0.503471 0.504459 0.505448 0.506439 0.507431 0.508424 0.509418 0.510414 0.511412 0.512412 0.513414 0.514418 0.515424 0.516431 0.517439 0.518448 0.519459 0.520471 0.521484 0.522499 0.523514 0.524531 0.525549 0.526568 0.527588 0.528609 0.529631 0.530653 0.531677 0.532701 0.533726 0.534751 0.535778 0.536804 0.537831 0.538859 0.539887 0.540915 0.541943 0.542971 0.544000 
0.491000 0.491973 0.492946 0.493919 0.494892 0.495866 0.496840 0.497814 0.498789 0.499764 0.500740 0.501716 0.502693 0.503671 0.504649 0.505629 0.506609 0.507590 0.508572 0.509555 0.510539 0.511524 0.512511 0.513498 0.514487 0.515476 0.516467 0.517460 0.518453 0.519448 0.520444 0.521441 0.522441 0.523444 0.524448 0.525453 0.526460 0.527467 0.528476 0.529487 0.530498 0.531510 0.532524 0.533539 0.534555 0.535572 0.536590 0.537609 0.538629 0.539649 0.540671 0.541693 0.542716 0.543740 0.544764 0.545789 0.546814 0.547840 0.548866 0.549892 0.550919 0.551946 0.552973 0.554000 
0.501000 0.501974 0.502949 0.503924 0.504898 0.505873 0.506849 0.507824 0.508801 0.509777 0.510754 0.511732 0.512710 0.513689 0.514669 0.515649 0.516631 0.517613 0.518596 0.519580 0.520565 0.521551 0.522538 0.523526 0.524515 0.525505 0.526497 0.527490 0.528484 0.529479 0.530475 0.531473 0.532473 0.533475 0.534479 0.535484 0.536490 0.537497 0.538505 0.539515 0.540526 0.541538 0.542551 0.543565 0.544580 0.545596 0.546613 0.547631 0.548649 0.549669 0.550689 0.551710 0.552732 0.553754 0.554777 0.555801 0.556824 0.557849 0.558873 0.559898 0.560924 0.561949 0.562974 0.564000 
0.511000 0.511976 0.512952 0.513928 0.514905 0.515881 0.516858 0.517835 0.518813 0.519791 0.520769 0.521748 0.522728 0.523708 0.524689 0.525671 0.526653 0.527636 0.528621 0.529606 0.530591 0.531578 0.532566 0.533555 0.534545 0.535536 0.536528 0.537521 0.538515 0.539511 0.540507 0.541505 0.542505 0.543507 0.544511 0.545515 0.546521 0.547528 0.548536 0.549545 0.550555 0.551566 0.552578 0.553591 0.554606 0.555621 0.556636 0.557653 0.558671 0.559689 0.560708 0.561728 0.562748 0.563769 0.564791 0.565813 0.566835 0.567858 0.568881 0.569905 0.570928 0.571952 0.572976 0.574000 
0.521000 0.521978 0.522955 0.523933 0.524911 0.525889 0.526868 0.527846 0.528825 0.529805 0.530785 0.531765 0.532746 0.533728 0.534710 0.535693 0.536677 0.537661 0.538646 0.539632 0.540619 0.541607 0.542595 0.543585 0.544576 0.545567 0.546560 0.547553 0.548548 0.549544 0.550541 0.551538 0.552538 0.553541 0.554544 0.555548 0.556553 0.557560 0.558567 0.559576 0.560585 0.561595 0.562607 0.563619 0.564632 0.565646 0.566661 0.567677 0.568693 0.569710 0.570728 0.571746 0.572765 0.573785 0.574805 0.575825 0.576846 0.577868 0.578889 0.579911 0.580933 0.581955 0.582978 0.584000 
0.531000 0.531979 0.532959 0.533938 0.534918 0.535898 0.536878 0.537858 0.538839 0.539820 0.540801 0.541783 0.542765 0.543748 0.544732 0.545716 0.546701 0.547686 0.548673 0.549660 0.550648 0.551636 0.552626 0.553616 0.554607 0.555600 0.556593 0.557587 0.558582 0.559578 0.560575 0.561573 0.562573 0.563575 0.564578 0.565582 0.566587 0.567593 0.568600 0.569607 0.570616 0.571626 0.572636 0.573648 0.574660 0.575673 0.576686 0.577701 0.578716 0.579732 0.580748 0.581765 0.582783 0.583801 0.584820 0.585839 0.586858 0.587878 0.588898 0.589918 0.590938 0.591959 0.592979 0.594000 
0.541000 0.541981 0.542962 0.543943 0.544925 0.545906 0.546888 0.547870 0.548852 0.549835 0.550818 0.551801 0.552785 0.553769 0.554754 0.555740 0.556726 0.557713 0.558700 0.559688 0.560677 0.561667 0.562657 0.563648 0.564640 0.565633 0.566627 0.567621 0.568617 0.569613 0.570610 0.571609 0.572609 0.573610 0.574613 0.575617 0.576621 0.577627 0.578633 0.579640 0.580648 0.581657 0.582667 0.583677 0.584688 0.585700 0.586713 0.587726 0.588740 0.589754 0.590769 0.591785 0.592801 0.593818 0.594835 0.595852 0.596870 0.597888 0.598906 0.599925 0.600943 0.601962 0.602981 0.604000 
0.551000 0.551983 0.552966 0.553949 0.554932 0.555915 0.556898 0.557882 0.558866 0.559850 0.560835 0.561820 0.562805 0.563791 0.564777 0.565764 0.566751 0.567739 0.568728 0.569717 0.570707 0.571698 0.572689 0.573681 0.574674 0.575667 0.576661 0.577657 0.578652 0.579649 0.580647 0.581645 0.582645 0.583647 0.584649 0.585652 0.586657 0.587661 0.588667 0.589674 0.590681 0.591689 0.592698 0.593707 0.594717 0.595728 0.596739 0.597751 0.598764 0.599777 0.600791 0.601805 0.602820 0.603835 0.604850 0.605866 0.606882 0.607898 0.608915 0.609932 0.610949 0.611966 0.612983 0.614000 
0.561000 0.561985 0.562969 0.563954 0.564939 0.565924 0.566909 0.567894 0.568880 0.569866 0.570852 0.571839 0.572825 0.573813 0.574801 0.575789 0.576778 0.577767 0.578757 0.579747 0.580738 0.581729 0.582722 0.583714 0.584708 0.585702 0.586697 0.587693 0.588689 0.589686 0.590684 0.591682 0.592682 0.593684 0.594686 0.595689 0.596693 0.597697 0.598702 0.599708 0.600714 0.601722 0.602729 0.603738 0.604747 0.605757 0.606767 0.607778 0.608789 0.609801 0.610813 0.611825 0.612839 0.613852 0.614866 0.615880 0.616894 0.617909 0.618924 0.619939 0.620954 0.621969 0.622985 0.624000 
0.571000 0.571986 0.572973 0.573959 0.574946 0.575933 0.576920 0.577907 0.578894 0.579882 0.580870 0.581858 0.582846 0.583835 0.584824 0.585814 0.586804 0.587795 0.588786 0.589777 0.590769 0.591762 0.592755 0.593749 0.594743 0.595738 0.596733 0.597730 0.598726 0.599724 0.600722 0.601720 0.602720 0.603722 0.604724 0.605726 0.606730 0.607733 0.608738 0.609743 0.610749 0.611755 0.612762 0.613769 0.614777 0.615786 0.616795 0.617804 0.618814 0.619824 0.620835 0.621846 0.622858 0.623870 0.624882 0.625894 0.626907 0.627920 0.628933 0.629946 0.630959 0.631973 0.632986 0.634000 
0.581000 0.581988 0.582977 0.583965 0.584954 0.585942 0.586931 0.587920 0.588909 0.589898 0.590888 0.591878 0.592868 0.593858 0.594849 0.595840 0.596831 0.597823 0.598815 0.599808 0.600801 0.601795 0.602789 0.603783 0.604779 0.605774 0.606770 0.607767 0.608764 0.609762 0.610760 0.611759 0.612759 0.613760 0.614762 0.615764 0.616767 0.617770 0.618774 0.619779 0.620783 0.621789 0.622795 0.623801 0.624808 0.625815 0.626823 0.627831 0.628840 0.629849 0.630858 0.631868 0.632878 0.633888 0.634898 0.635909 0.636920 0.637931 0.638942 0.639954 0.640965 0.641977 0.642988 0.644000 
0.591000 0.591990 0.592980 0.593971 0.594961 0.595952 0.596942 0.597933 0.598924 0.599915 0.600906 0.601898 0.602889 0.603881 0.604873 0.605866 0.606859 0.607852 0.608846 0.609839 0.610834 0.611828 0.612823 0.613819 0.614815 0.615811 0.616808 0.617805 0.618803 0.619801 0.620799 0.621798 0.622798 0.623799 0.624801 0.625803 0.626805 0.627808 0.628811 0.629815 0.630819 0.631823 0.632828 0.633834 0.634839 0.635846 0.636852 0.637859 0.638866 0.639873 0.640881 0.641889 0.642898 0.643906 0.644915 0.645924 0.646933 0.647942 0.648952 0.649961 0.650971 0.651980 0.652990 0.654000 
0.601000 0.601992 0.602984 0.603977 0.604969 0.605961 0.606954 0.607946 0.608939 0.609932 0.610925 0.611918 0.612911 0.613905 0.614898 0.615892 0.616887 0.617881 0.618876 0.619871 0.620866 0.621862 0.622858 0.623855 0.624851 0.625848 0.626846 0.627843 0.628842 0.629840 0.630839 0.631838 0.632838 0.633839 0.634840 0.635842 0.636843 0.637846 0.638848 0.639851 0.640855 0.641858 0.642862 0.643866 0.644871 0.645876 0.646881 0.647887 0.648892 0.649898 0.650905 0.651911 0.652918 0.653925 0.654932 0.655939 0.656946 0.657954 0.658961 0.659969 0.660977 0.661984 0.662992 0.664000 
0.611000 0.611994 0.612988 0.613982 0.614977 0.615971 0.616965 0.617959 0.618954 0.619949 0.620943 0.621938 0.622933 0.623928 0.624924 0.625919 0.626915 0.627911 0.628907 0.629903 0.630900 0.631896 0.632893 0.633891 0.634888 0.635886 0.636884 0.637882 0.638881 0.639880 0.640879 0.641878 0.642878 0.643879 0.644880 0.645881 0.646882 0.647884 0.648886 0.649888 0.650891 0.651893 0.652896 0.653900 0.654903 0.655907 0.656911 0.657915 0.658919 0.659924 0.660928 0.661933 0.662938 0.663943 0.664949 0.665954 0.666959 0.667965 0.668971 0.669977 0.670982 0.671988 0.672994 0.674000 
0.621000 0.621996 0.622992 0.623988 0.624984 0.625980 0.626977 0.627973 0.628969 0.629966 0.630962 0.631959 0.632955 0.633952 0.634949 0.635946 0.636943 0.637940 0.638938 0.639935 0.640933 0.641931 0.642929 0.643927 0.644925 0.645924 0.646922 0.647921 0.648920 0.649920 0.650919 0.651919 0.652919 0.653919 0.654920 0.655920 0.656921 0.657922 0.658924 0.659925 0.660927 0.661929 0.662931 0.663933 0.664935 0.665938 0.666940 0.667943 0.668946 0.669949 0.670952 0.671955 0.672959 0.673962 0.674966 0.675969 0.676973 0.677977 0.678980 0.679984 0.680988 0.681992 0.682996 0.684000 
0.631000 0.631998 0.632996 0.633994 0.634992 0.635990 0.636988 0.637986 0.638985 0.639983 0.640981 0.641979 0.642978 0.643976 0.644974 0.645973 0.646971 0.647970 0.648969 0.649968 0.650966 0.651965 0.652964 0.653963 0.654963 0.655962 0.656961 0.657961 0.658960 0.659960 0.660959 0.661959 0.662959 0.663959 0.664960 0.665960 0.666961 0.667961 0.668962 0.669963 0.670963 0.671964 0.672965 0.673966 0.674968 0.675969 0.676970 0.677971 0.678973 0.679974 0.680976 0.681978 0.682979 0.683981 0.684983 0.685985 0.686986 0.687988 0.688990 0.689992 0.690994 0.691996 0.692998 0.694000 
0.641000 0.642000 0.643000 0.644000 0.645000 0.646000 0.647000 0.648000 0.649000 0.650000 0.651000 0.652000 0.653000 0.654000 0.655000 0.656000 0.657000 0.658000 0.659000 0.660000 0.661000 0.662000 0.663000 0.664000 0.665000 0.666000 0.667000 0.668000 0.669000 0.670000 0.671000 0.672000 0.673000 0.674000 0.675000 0.676000 0.677000 0.678000 0.679000 0.680000 0.681000 0.682000 0.683000 0.684000 0.685000 0.686000 0.687000 0.688000 0.689000 0.690000 0.691000 0.692000 0.693000 0.694000 0.695000 0.696000 0.697000 0.698000 0.699000 0.700000 0.701000 0.702000 0.703000 0.704000 
