0.011000 0.012000 0.013000 0.014000 0.015000 0.016000 0.017000 0.018000 0.019000 0.020000 0.021000 0.022000 0.023000 0.024000 0.025000 0.026000 0.027000 0.028000 0.029000 0.030000 0.031000 0.032000 0.033000 0.034000 0.035000 0.036000 0.037000 0.038000 0.039000 0.040000 0.041000 0.042000 
0.021000 0.021998 0.022996 0.023994 0.024993 0.025991 0.026989 0.027988 0.028986 0.029985 0.030984 0.031983 0.032982 0.033981 0.034981 0.035980 0.036980 0.037981 0.038981 0.039982 0.040983 0.041984 0.042985 0.043986 0.044988 0.045989 0.046991 0.047993 0.048994 0.049996 0.050998 0.052000 
0.031000 0.031996 0.032992 0.033989 0.034985 0.035982 0.036978 0.037975 0.038972 0.039970 0.040967 0.041965 0.042964 0.043962 0.044961 0.045960 0.046960 0.047961 0.048962 0.049964 0.050965 0.051967 0.052970 0.053972 0.054975 0.055978 0.056982 0.057985 0.058989 0.059992 0.060996 0.062000 
0.041000 0.041994 0.042989 0.043983 0.044978 0.045973 0.046968 0.047963 0.048959 0.049955 0.050952 0.051949 0.052946 0.053944 0.054942 0.055941 0.056941 0.057942 0.058944 0.059946 0.060949 0.061952 0.062955 0.063959 0.064963 0.065968 0.066973 0.067978 0.068983 0.069989 0.070994 0.072000 
0.051000 0.051993 0.052985 0.053978 0.054971 0.055964 0.056958 0.057952 0.058946 0.059941 0.060936 0.061932 0.062929 0.063926 0.064924 0.065922 0.066922 0.067924 0.068926 0.069929 0.070932 0.071936 0.072941 0.073946 0.074952 0.075958 0.076964 0.077971 0.078978 0.079985 0.080993 0.082000 
0.061000 0.061991 0.062982 0.063973 0.064964 0.065956 0.066948 0.067940 0.068933 0.069927 0.070921 0.071916 0.072912 0.073909 0.074906 0.075904 0.076904 0.077906 0.078909 0.079912 0.080916 0.081921 0.082927 0.083933 0.084940 0.085948 0.086956 0.087964 0.088973 0.089982 0.090991 0.092000 
0.071000 0.071989 0.072978 0.073968 0.074958 0.075948 0.076938 0.077929 0.078921 0.079914 0.080907 0.081901 0.082896 0.083892 0.084889 0.085887 0.086887 0.087889 0.088892 0.089896 0.090901 0.091907 0.092914 0.093921 0.094929 0.095938 0.096948 0.097958 0.098968 0.099978 0.100989 0.102000 
0.081000 0.081988 0.082975 0.083963 0.084952 0.085940 0.086929 0.087919 0.088910 0.089901 0.090894 0.091887 0.092881 0.093877 0.094873 0.095871 0.096871 0.097873 0.098877 0.099881 0.100887 0.101894 0.102901 0.103910 0.104919 0.105929 0.106940 0.107952 0.108963 0.109975 0.110988 0.112000 
0.091000 0.091986 0.092972 0.093959 0.094946 0.095933 0.096921 0.097910 0.098900 0.099890 0.100881 0.101874 0.102868 0.103862 0.104858 0.105856 0.106856 0.107858 0.108862 0.109868 0.110874 0.111881 0.112890 0.113900 0.114910 0.115921 0.116933 0.117946 0.118959 0.119972 0.120986 0.122000 
0.101000 0.101985 0.102970 0.103955 0.104941 0.105927 0.106914 0.107901 0.108890 0.109879 0.110870 0.111862 0.112855 0.113849 0.114845 0.115842 0.116842 0.117845 0.118849 0.119855 0.120862 0.121870 0.122879 0.123890 0.124901 0.125914 0.126927 0.127941 0.128955 0.129970 0.130985 0.132000 
0.111000 0.111984 0.112967 0.113952 0.114936 0.115921 0.116907 0.117894 0.118881 0.119870 0.120860 0.121851 0.122844 0.123838 0.124833 0.125830 0.126830 0.127833 0.128838 0.129844 0.130851 0.131860 0.132870 0.133881 0.134894 0.135907 0.136921 0.137936 0.138952 0.139967 0.140984 0.142000 
0.121000 0.121983 0.122965 0.123949 0.124932 0.125916 0.126901 0.127887 0.128874 0.129862 0.130851 0.131842 0.132834 0.133827 0.134822 0.135819 0.136819 0.137822 0.138827 0.139834 0.140842 0.141851 0.142862 0.143874 0.144887 0.145901 0.146916 0.147932 0.148949 0.149965 0.150983 0.152000 
0.131000 0.131982 0.132964 0.133946 0.134929 0.135912 0.136896 0.137881 0.138868 0.139855 0.140844 0.141834 0.142825 0.143819 0.144813 0.145810 0.146810 0.147813 0.148819 0.149825 0.150834 0.151844 0.152855 0.153868 0.154881 0.155896 0.156912 0.157929 0.158946 0.159964 0.160982 0.162000 
0.141000 0.141981 0.142962 0.143944 0.144926 0.145909 0.146892 0.147877 0.148862 0.149849 0.150838 0.151827 0.152819 0.153812 0.154806 0.155803 0.156803 0.157806 0.158812 0.159819 0.160827 0.161838 0.162849 0.163862 0.164877 0.165892 0.166909 0.167926 0.168944 0.169962 0.170981 0.172000 
0.151000 0.151981 0.152961 0.153942 0.154924 0.155906 0.156889 0.157873 0.158858 0.159845 0.160833 0.161822 0.162813 0.163806 0.164801 0.165797 0.166797 0.167801 0.168806 0.169813 0.170822 0.171833 0.172845 0.173858 0.174873 0.175889 0.176906 0.177924 0.178942 0.179961 0.180981 0.182000 
0.161000 0.161980 0.162960 0.163941 0.164922 0.165904 0.166887 0.167871 0.168856 0.169842 0.170830 0.171819 0.172810 0.173803 0.174797 0.175793 0.176793 0.177797 0.178803 0.179810 0.180819 0.181830 0.182842 0.183856 0.184871 0.185887 0.186904 0.187922 0.188941 0.189960 0.190980 0.192000 
0.171000 0.171980 0.172960 0.173941 0.174922 0.175904 0.176887 0.177871 0.178856 0.179842 0.180830 0.181819 0.182810 0.183803 0.184797 0.185793 0.186793 0.187797 0.188803 0.189810 0.190819 0.191830 0.192842 0.193856 0.194871 0.195887 0.196904 0.197922 0.198941 0.199960 0.200980 0.202000 
0.181000 0.181981 0.182961 0.183942 0.184924 0.185906 0.186889 0.187873 0.188858 0.189845 0.190833 0.191822 0.192813 0.193806 0.194801 0.195797 0.196797 0.197801 0.198806 0.199813 0.200822 0.201833 0.202845 0.203858 0.204873 0.205889 0.206906 0.207924 0.208942 0.209961 0.210981 0.212000 
0.191000 0.191981 0.192962 0.193944 0.194926 0.195909 0.196892 0.197877 0.198862 0.199849 0.200838 0.201827 0.202819 0.203812 0.204806 0.205803 0.206803 0.207806 0.208812 0.209819 0.210827 0.211838 0.212849 0.213862 0.214877 0.215892 0.216909 0.217926 0.218944 0.219962 0.220981 0.222000 
0.201000 0.201982 0.202964 0.203946 0.204929 0.205912 0.206896 0.207881 0.208868 0.209855 0.210844 0.211834 0.212825 0.213819 0.214813 0.215810 0.216810 0.217813 0.218819 0.219825 0.220834 0.221844 0.222855 0.223868 0.224881 0.225896 0.226912 0.227929 0.228946 0.229964 0.230982 0.232000 
0.211000 0.211983 0.212965 0.213949 0.214932 0.215916 0.216901 0.217887 0.218874 0.219862 0.220851 0.221842 0.222834 0.223827 0.224822 0.225819 0.226819 0.227822 0.228827 0.229834 0.230842 0.231851 0.232862 0.233874 0.234887 0.235901 0.236916 0.237932 0.238949 0.239965 0.240983 0.242000 
0.221000 0.221984 0.222967 0.223952 0.224936 0.225921 0.226907 0.227894 0.228881 0.229870 0.230860 0.231851 0.232844 0.233838 0.234833 0.235830 0.236830 0.237833 0.238838 0.239844 0.240851 0.241860 0.242870 0.243881 0.244894 0.245907 0.246921 0.247936 0.248952 0.249967 0.250984 0.252000 
0.231000 0.231985 0.232970 0.233955 0.234941 0.235927 0.236914 0.237901 0.238890 0.239879 0.240870 0.241862 0.242855 0.243849 0.244845 0.245842 0.246842 0.247845 0.248849 0.249855 0.250862 0.251870 0.252879 0.253890 0.254901 0.255914 0.256927 0.257941 0.258955 0.259970 0.260985 0.262000 
0.241000 0.241986 0.242972 0.243959 0.244946 0.245933 0.246921 0.247910 0.248900 0.249890 0.250881 0.251874 0.252868 0.253862 0.254858 0.255856 0.256856 0.257858 0.258862 0.259868 0.260874 0.261881 0.262890 0.263900 0.264910 0.265921 0.266933 0.267946 0.268959 0.269972 0.270986 0.272000 
0.251000 0.251988 0.252975 0.253963 0.254952 0.255940 0.256929 0.257919 0.258910 0.259901 0.260894 0.261887 0.262881 0.263877 0.264873 0.265871 0.266871 0.267873 0.268877 0.269881 0.270887 0.271894 0.272901 0.273910 0.274919 0.275929 0.276940 0.277952 0.278963 0.279975 0.280988 0.282000 
0.261000 0.261989 0.262978 0.263968 0.264958 0.265948 0.266938 0.267929 0.268921 0.269914 0.270907 0.271901 0.272896 0.273892 0.274889 0.275887 0.276887 0.277889 0.278892 0.279896 0.280901 0.281907 0.282914 0.283921 0.284929 0.285938 0.286948 0.287958 0.288968 0.289978 0.290989 0.292000 
0.271000 0.271991 0.272982 0.273973 0.274964 0.275956 0.276948 0.277940 0.278933 0.279927 0.280921 0.281916 0.282912 0.283909 0.284906 0.285904 0.286904 0.287906 0.288909 0.289912 0.290916 0.291921 0.292927 0.293933 0.294940 0.295948 0.296956 0.297964 0.298973 0.299982 0.300991 0.302000 
0.281000 0.281993 0.282985 0.283978 0.284971 0.285964 0.286958 0.287952 0.288946 0.289941 0.290936 0.291932 0.292929 0.293926 0.294924 0.295922 0.296922 0.297924 0.298926 0.299929 0.300932 0.301936 0.302941 0.303946 0.304952 0.305958 0.306964 0.307971 0.308978 0.309985 0.310993 0.312000 
0.291000 0.291994 0.292989 0.293983 0.294978 0.295973 0.296968 0.297963 0.298959 0.299955 0.300952 0.301949 0.302946 0.303944 0.304942 0.305941 0.306941 0.307942 0.308944 0.309946 0.310949 0.311952 0.312955 0.313959 0.314963 0.315968 0.316973 0.317978 0.318983 0.319989 0.320994 0.322000 
0.301000 0.301996 0.302992 0.303989 0.304985 0.305982 0.306978 0.307975 0.308972 0.309970 0.310967 0.311965 0.312964 0.313962 0.314961 0.315960 0.316960 0.317961 0.318962 0.319964 0.320965 0.321967 0.322970 0.323972 0.324975 0.325978 0.326982 0.327985 0.328989 0.329992 0.330996 0.332000 
0.311000 0.311998 0.312996 0.313994 0.314993 0.315991 0.316989 0.317988 0.318986 0.319985 0.320984 0.321983 0.322982 0.323981 0.324981 0.325980 0.326980 0.327981 0.328981 0.329982 0.330983 0.331984 0.332985 0.333986 0.334988 0.335989 0.336991 0.337993 0.338994 0.339996 0.340998 0.342000 
0.321000 0.322000 0.323000 0.324000 0.325000 0.326000 0.327000 0.328000 0.329000 0.330000 0.331000 0.332000 0.333000 0.334000 0.335000 0.336000 0.337000 0.338000 0.339000 0.340000 0.341000 0.342000 0.343000 0.344000 0.345000 0.346000 0.347000 0.348000 0.349000 0.350000 0.351000 0.352000 
